[gd_scene load_steps=14 format=2]

[ext_resource path="res://Exported Models/character.dae" type="PackedScene" id=1]

[sub_resource type="SpatialMaterial" id=1]
albedo_color = Color( 0.517647, 0.796078, 0.901961, 1 )

[sub_resource type="SpatialMaterial" id=2]
albedo_color = Color( 1, 0.803922, 0.498039, 1 )

[sub_resource type="SpatialMaterial" id=3]
albedo_color = Color( 0.835294, 1, 0.47451, 1 )

[sub_resource type="SphereShape" id=4]

[sub_resource type="CapsuleShape" id=5]
radius = 0.154723
height = 1.23778

[sub_resource type="CapsuleShape" id=6]
radius = 0.158257
height = 1.26606

[sub_resource type="CapsuleShape" id=7]
radius = 0.154723
height = 1.23778

[sub_resource type="CapsuleShape" id=8]
radius = 0.156335
height = 1.25068

[sub_resource type="CapsuleShape" id=9]
radius = 0.154711
height = 1.23769

[sub_resource type="CapsuleShape" id=10]
radius = 0.152585
height = 1.22068

[sub_resource type="CapsuleShape" id=11]
radius = 0.154711
height = 1.23769

[sub_resource type="CapsuleShape" id=12]
radius = 0.152585
height = 1.22068

[node name="character" instance=ExtResource( 1 )]

[node name="Armature" parent="." index="0"]
transform = Transform( 1, -3.25841e-07, -3.25841e-07, -3.25841e-07, -1, 0, -3.25841e-07, 1.06173e-13, -1, 0, 0, 0 )

[node name="body" parent="Armature/Skeleton" index="0"]
material/0 = SubResource( 1 )

[node name="thighbr" parent="Armature/Skeleton" index="1"]
material/0 = SubResource( 2 )

[node name="calfbr" parent="Armature/Skeleton" index="2"]
material/0 = SubResource( 3 )

[node name="thighfr" parent="Armature/Skeleton" index="3"]
material/0 = SubResource( 2 )

[node name="calffr" parent="Armature/Skeleton" index="4"]
material/0 = SubResource( 3 )

[node name="calffl" parent="Armature/Skeleton" index="5"]
material/0 = SubResource( 3 )

[node name="calfbl" parent="Armature/Skeleton" index="6"]
material/0 = SubResource( 3 )

[node name="thighfl" parent="Armature/Skeleton" index="7"]
material/0 = SubResource( 2 )

[node name="thighbl" parent="Armature/Skeleton" index="8"]
material/0 = SubResource( 2 )

[node name="FL Leg IK" type="SkeletonIK" parent="Armature/Skeleton" index="9"]
process_priority = 1
root_bone = "thigh.f.l"
tip_bone = "foot.f.l"
use_magnet = true
magnet = Vector3( -1.5, -2, 1.5 )
min_distance = 0.1

[node name="FR Leg IK" type="SkeletonIK" parent="Armature/Skeleton" index="10"]
process_priority = 1
root_bone = "thigh.f.r"
tip_bone = "foot.f.r"
use_magnet = true
magnet = Vector3( 1.5, -2, 1.5 )
min_distance = 0.1

[node name="BL Leg IK" type="SkeletonIK" parent="Armature/Skeleton" index="11"]
process_priority = 1
root_bone = "thigh.b.l"
tip_bone = "foot.b.l"
use_magnet = true
magnet = Vector3( -1.5, -2, -1.5 )
min_distance = 0.1

[node name="BR Leg IK" type="SkeletonIK" parent="Armature/Skeleton" index="12"]
process_priority = 1
root_bone = "thigh.b.r"
tip_bone = "foot.b.r"
use_magnet = true
magnet = Vector3( 1.5, -2, -1.5 )
min_distance = 0.1

[node name="Physical Bone base" type="PhysicalBone" parent="Armature/Skeleton" index="13"]
transform = Transform( 1, 1.11243e-14, 0, -3.45953e-20, -1, 5.30854e-08, 0, -5.30854e-08, -1, 0, 2.65427e-08, -0.5 )
collision_layer = 0
joint_offset = Transform( 1, 0, 0, 0, 1, 0, 0, 0, 1, 0, 0, 0.5 )
body_offset = Transform( 1, 1.11243e-14, 0, 1.11243e-14, 1, 0, 0, 0, 1, 0, 0, -0.5 )
bone_name = "base"

[node name="CollisionShape" type="CollisionShape" parent="Armature/Skeleton/Physical Bone base" index="0"]
transform = Transform( 1, 1.11243e-14, 0, 1.11243e-14, 1, 0, 0, 0, 1, 0, 0, -0.5 )
shape = SubResource( 4 )

[node name="Physical Bone thighfr" type="PhysicalBone" parent="Armature/Skeleton" index="14"]
transform = Transform( 0.4994, -0.5, -0.707531, -0.707531, -0.706683, -2.79398e-09, -0.5, 0.5006, -0.706683, 1.23064, 0.0144952, 1.2271 )
collision_layer = 0
joint_type = 1
joint_offset = Transform( 1, 0, 0, 0, 1, 0, 0, 0, 1, 5.06639e-07, 5.96046e-07, 0.773613 )
body_offset = Transform( 1, 2.98023e-08, 0, 2.98023e-08, 1, 0, 0, 0, 1, -5.06639e-07, -5.96046e-07, -0.773613 )
bone_name = "thigh.f.r"
joint_constraints/bias = 0.3
joint_constraints/damping = 1.0
joint_constraints/impulse_clamp = 0.0

[node name="CollisionShape" type="CollisionShape" parent="Armature/Skeleton/Physical Bone thighfr" index="0"]
shape = SubResource( 5 )

[node name="Physical Bone calffr" type="PhysicalBone" parent="Armature/Skeleton" index="15"]
transform = Transform( 0.494082, -0.504578, -0.708014, -0.708014, -0.706139, 0.00915892, -0.504578, 0.496759, -0.706139, 2.33823, 0.00724735, 2.33255 )
collision_layer = 0
joint_type = 1
joint_offset = Transform( 1, 0, 0, 0, 1, 0, 0, 0, 1, -3.58926e-07, 5.71166e-07, 0.791286 )
body_offset = Transform( 1, 0, -1.49012e-07, 3.8743e-07, 1, -1.19209e-07, 5.96046e-08, -8.9407e-08, 1, 4.76837e-07, -4.76837e-07, -0.791286 )
bone_name = "calf.f.r"
joint_constraints/bias = 0.3
joint_constraints/damping = 1.0
joint_constraints/impulse_clamp = 0.0

[node name="CollisionShape" type="CollisionShape" parent="Armature/Skeleton/Physical Bone calffr" index="0"]
shape = SubResource( 6 )

[node name="Physical Bone thighfl" type="PhysicalBone" parent="Armature/Skeleton" index="16"]
transform = Transform( 0.4994, 0.5, 0.707531, 0.707531, -0.706682, 3.0329e-07, 0.5, 0.5006, -0.706683, -1.23056, -6.59179e-07, 1.25447 )
collision_layer = 0
joint_type = 1
joint_offset = Transform( 1, 0, 0, 0, 1, 0, 0, 0, 1, 1.43382e-07, -4.77954e-07, 0.773613 )
body_offset = Transform( 1, 0, 2.38419e-07, 0, 1, -2.68221e-07, 0, 0, 1, -3.27826e-07, 6.85453e-07, -0.773613 )
bone_name = "thigh.f.l"
joint_constraints/bias = 0.3
joint_constraints/damping = 1.0
joint_constraints/impulse_clamp = 0.0

[node name="CollisionShape" type="CollisionShape" parent="Armature/Skeleton/Physical Bone thighfl" index="0"]
shape = SubResource( 7 )

[node name="Physical Bone calffl" type="PhysicalBone" parent="Armature/Skeleton" index="17"]
transform = Transform( 0.486244, 0.499811, 0.716768, 0.716768, -0.697312, 1.24282e-07, 0.499811, 0.513756, -0.697312, -2.33819, 1.51456e-07, 2.34624 )
collision_layer = 0
joint_type = 1
joint_offset = Transform( 1, 0, 0, 0, 1, 0, 0, 0, 1, -2.35688e-07, 1.52788e-07, 0.781676 )
body_offset = Transform( 1, 3.27826e-07, 1.49012e-07, 0, 1, -1.19209e-07, 0, 5.96046e-08, 1, 1.19209e-07, -5.96046e-08, -0.781676 )
bone_name = "calf.f.l"
joint_constraints/bias = 0.3
joint_constraints/damping = 1.0
joint_constraints/impulse_clamp = 0.0

[node name="CollisionShape" type="CollisionShape" parent="Armature/Skeleton/Physical Bone calffl" index="0"]
shape = SubResource( 8 )

[node name="Physical Bone thighbl" type="PhysicalBone" parent="Armature/Skeleton" index="18"]
transform = Transform( 0.499324, -0.499999, 0.707585, 0.707585, 0.706629, 6.55303e-08, -0.499999, 0.500676, 0.706629, -1.27445, -9.74322e-08, -1.26306 )
collision_layer = 0
joint_type = 1
joint_offset = Transform( 1, 0, 0, 0, 1, 0, 0, 0, 1, -1.78814e-07, 2.15365e-07, 0.773554 )
body_offset = Transform( 1, 0, 0, 1.19209e-07, 1, 2.98023e-08, 2.98023e-08, 2.08616e-07, 1, 1.78814e-07, -2.38419e-07, -0.773554 )
bone_name = "thigh.b.l"
joint_constraints/bias = 0.3
joint_constraints/damping = 1.0
joint_constraints/impulse_clamp = 0.0

[node name="CollisionShape" type="CollisionShape" parent="Armature/Skeleton/Physical Bone thighbl" index="0"]
shape = SubResource( 9 )

[node name="Physical Bone calfbl" type="PhysicalBone" parent="Armature/Skeleton" index="19"]
transform = Transform( 0.502102, -0.499995, 0.705619, 0.705619, 0.708592, 6.31395e-08, -0.499995, 0.497898, 0.708592, -2.36014, -7.0012e-08, -2.35027 )
collision_layer = 0
joint_type = 1
joint_offset = Transform( 1, 0, 0, 0, 1, 0, 0, 0, 1, -9.64724e-08, -2.8751e-15, 0.762923 )
body_offset = Transform( 1, 2.23517e-07, -2.98023e-08, -2.98023e-08, 1, 0, -2.98023e-08, 2.38419e-07, 1, 1.19209e-07, 0, -0.762923 )
bone_name = "calf.b.l"
joint_constraints/bias = 0.3
joint_constraints/damping = 1.0
joint_constraints/impulse_clamp = 0.0

[node name="CollisionShape" type="CollisionShape" parent="Armature/Skeleton/Physical Bone calfbl" index="0"]
shape = SubResource( 10 )

[node name="Physical Bone thighbr" type="PhysicalBone" parent="Armature/Skeleton" index="20"]
transform = Transform( 0.499324, 0.499999, -0.707585, -0.707585, 0.706629, 4.23793e-07, 0.5, 0.500676, 0.706629, 1.27446, -5.53994e-08, -1.26306 )
collision_layer = 0
joint_type = 1
joint_offset = Transform( 1, 0, 0, 0, 1, 0, 0, 0, 1, 2.9689e-07, -1.18076e-07, 0.773554 )
body_offset = Transform( 1, -2.98023e-08, -2.68221e-07, 2.98023e-08, 1, 2.68221e-07, 5.96046e-08, 1.19209e-07, 1, -8.9407e-08, -8.9407e-08, -0.773554 )
bone_name = "thigh.b.r"
joint_constraints/bias = 0.3
joint_constraints/damping = 1.0
joint_constraints/impulse_clamp = 0.0

[node name="CollisionShape" type="CollisionShape" parent="Armature/Skeleton/Physical Bone thighbr" index="0"]
shape = SubResource( 11 )

[node name="Physical Bone calfbr" type="PhysicalBone" parent="Armature/Skeleton" index="21"]
transform = Transform( 0.502103, 0.499996, -0.705619, -0.705618, 0.708592, -2.74035e-07, 0.499995, 0.497897, 0.708592, 2.36014, -6.94803e-08, -2.35027 )
collision_layer = 0
joint_type = 1
joint_offset = Transform( 1, 0, 0, 0, 1, 0, 0, 0, 1, -2.64237e-07, 3.08117e-09, 0.762923 )
body_offset = Transform( 1, -1.49012e-08, 2.68221e-07, 3.27826e-07, 1, -2.38419e-07, -1.49012e-07, -5.96046e-08, 1, 5.96046e-08, 1.78814e-07, -0.762923 )
bone_name = "calf.b.r"
joint_constraints/bias = 0.3
joint_constraints/damping = 1.0
joint_constraints/impulse_clamp = 0.0

[node name="CollisionShape" type="CollisionShape" parent="Armature/Skeleton/Physical Bone calfbr" index="0"]
shape = SubResource( 12 )
